3,2
3,1
3,3
10,101
10,239
10,11
10,241
10,205
10,23
10,305
10,179
10,2
10,3
11,23
295,0
294,6
294,5
294,4
294,3
11,17
11,27
294,2
294,1
294,0
293,7
293,6
293,5
293,4
293,3
11,29
11,2
11,3
293,2
293,1
293,0
292,10
292,9
292,8
292,7
292,6
292,5
292,4
292,3
9,7
292,2
9,5
292,1
292,0
291,4
291,3
291,2
291,1
291,0
290,3
8,18
8,10
290,2
290,1
290,0
289,5
289,4
289,3
289,2
289,1
289,0
288,8
288,7
288,6
288,5
288,4
288,3
288,2
288,1
288,0
287,5
287,4
287,3
287,2
287,1
287,0
286,4
286,3
286,2
286,1
286,0
285,4
285,3
285,2
285,1
285,0
284,7
284,6
284,5
284,4
284,3
284,2
284,1
284,0
283,9
283,8
283,7
283,6
283,5
283,4
283,3
283,2
283,1
283,0
282,4
282,3
282,2
282,1
282,0
281,7
281,6
281,5
281,1
88,134
19,2
19,1
88,133
20,3
19,3
20,2
20,1
12,3
12,2
